[gd_scene format=3 uid="uid://py622gabx7j1"]

[ext_resource type="PackedScene" uid="uid://dnqw0ybh0thyu" path="res://scenes/game_scene/player/Player.tscn" id="1_4frfy"]
[ext_resource type="Material" uid="uid://b7wyrrnjnmv02" path="res://resources/material/pellenor.tres" id="1_mg67k"]
[ext_resource type="PackedScene" uid="uid://b23xsh534rn4" path="res://scenes/game_scene/enemies/enemy.tscn" id="3_hasdq"]
[ext_resource type="Material" uid="uid://ibq0i56ass64" path="res://resources/material/redhorns.tres" id="3_hasdq"]
[ext_resource type="Material" uid="uid://cxukm3yui4xqa" path="res://resources/material/concrete_1.tres" id="4_usg5w"]
[ext_resource type="Material" uid="uid://d1w1i5iq5rn4i" path="res://resources/material/concrete_panel.tres" id="5_oye0j"]

[sub_resource type="Environment" id="Environment_1vivr"]

[node name="TetsPlayer" type="Node3D" unique_id=1904928966]

[node name="WorldEnvironment" type="WorldEnvironment" parent="." unique_id=959321795]
environment = SubResource("Environment_1vivr")

[node name="DirectionalLight3D" type="DirectionalLight3D" parent="." unique_id=3516422]
transform = Transform3D(0.8315562, 0.3579592, -0.42471105, 0, 0.7646381, 0.6444599, 0.5554406, -0.53590465, 0.6358396, 0, 2.7682748, 12.382289)

[node name="PlayerChar" parent="." unique_id=104077842 instance=ExtResource("1_4frfy")]
transform = Transform3D(1, 0, 0, 0, 1, 0, 0, 0, 1, 0, 5.321189, 0)

[node name="csg" type="Node3D" parent="." unique_id=1957478443]

[node name="CSGBox3D" type="CSGBox3D" parent="csg" unique_id=1410834050]
transform = Transform3D(1, 0, 0, 0, 1, 0, 0, 0, 1, 0, -0.5, 0)
material_override = ExtResource("1_mg67k")
use_collision = true
collision_layer = 6
size = Vector3(20, 1, 20)

[node name="enemy" parent="." unique_id=622023957 node_paths=PackedStringArray("player") instance=ExtResource("3_hasdq")]
transform = Transform3D(-2.2311463, 0, -1.95053e-07, 0, 2.2311463, 0, 1.95053e-07, 0, -2.2311463, 10, 0.601, 9.369)
collision_mask = 0
platform_floor_layers = 4294967294
player = NodePath("../PlayerChar")

[node name="PlayerChar" parent="." unique_id=104077842 instance=ExtResource("1_4frfy")]
transform = Transform3D(1, 0, 0, 0, 1, 0, 0, 0, 1, -8.999027, 2.6165142, -2.235382)
collision_mask = 6
platform_wall_layers = 1
size = Vector3(40, 1, 40)

[node name="CSGBox3D2" type="CSGBox3D" parent="csg" unique_id=256400383]
transform = Transform3D(1, 0, 0, 0, 1, 0, 0, 0, 1, -12.237767, 1, -2.6669922)
use_collision = true
size = Vector3(9.373535, 2, 10.333984)
material = ExtResource("3_hasdq")

[node name="CSGBox3D3" type="CSGBox3D" parent="csg" unique_id=1307282081]
transform = Transform3D(0.08418344, -0.99645025, 0, 0.99645025, 0.08418344, 0, 0, 0, 1, 6.473831, 4.6220503, 0.9652195)
use_collision = true
size = Vector3(5, 2, 11.447144)
material = ExtResource("4_usg5w")

[node name="CSGBox3D4" type="CSGBox3D" parent="csg" unique_id=1954975526]
transform = Transform3D(-0.09595162, -0.0163292, -0.99525225, 0.1677693, -0.98582655, 7.450581e-09, -0.9811457, -0.1669727, 0.097331166, -9.349828, 5.1105146, -12.319544)
use_collision = true
size = Vector3(5, 2, 11.447144)
material = ExtResource("4_usg5w")

[node name="CSGBox3D5" type="CSGBox3D" parent="csg" unique_id=1868708873]
transform = Transform3D(1.0000002, 0, 0, 0, 0.8407818, -0.54137456, 0, 0.54137456, 0.8407817, 14.13349, -0.09641838, -31.892683)
use_collision = true
size = Vector3(68.317154, 0.5, 41.292896)
material = ExtResource("5_oye0j")
